true
true
true
true
true
true
true
true
true
true
true
true
true
true
true
true
true
true
true
true
true
true
true
true
true
true
true
true
true
true
true
true
true
true
true
true
true
true
true
true
true
true
true
true
true
true
true
true
true
true
true
true
true
true
true
true
true
true
true
true
true
true
true
true
true
true
true
true
true
true
true
true
true
true
true
true
true
true
true
true
true
true
true
true
true
true
true
true
true
true
true
true
true
true
true
true
true
true
true
true
[(4.75189,-1.32367,2.52208),(6.3096,-1.32367,2.31629),(7.93417,-1.32367,1.92961)] [(4.75189,-1.43604,-2.52208),(4.75189,-1.32367,2.52208),(6.3096,-1.43604,-2.31629)]
[(-5.83127,-2.31323,-2.39504),(-5.83127,-2.31323,2.41104),(2.70789,-2.31323,2.41104)] [(-5.83127,-2.31323,-2.39504),(-5.81527,-2.31323,-2.41104),(-5.81527,-2.31323,-2.39504)]
[(7.50576,-1.67575,-1.90512),(7.64103,-1.60404,-1.93968),(7.71163,-1.63989,-2.04336)] [(7.06861,-1.90748,-1.73232),(7.06861,-1.90748,1.73232),(7.50576,-1.67575,-1.90512)]
[(2.71394,-1.32367,-2.83968),(4.76974,-1.32367,-2.70128),(6.34231,-1.37231,-2.49353)] [(4.76974,-1.32367,-2.70128),(6.34231,-1.32367,-2.49353),(8.11417,-1.32367,-2.0718)]
[(-5.97527,-1.9543,2.66544),(2.71273,-2.39876,2.49264),(2.71273,-1.9543,2.66544)] [(2.71273,-2.39876,2.49264),(8.11417,-1.37231,-2.0718),(8.11417,-1.37231,2.0718)]
[(4.76974,-1.32367,2.70128),(6.34231,-1.32367,2.49353),(8.11417,-1.32367,2.0718)] [(-6.01128,-1.32367,2.83968),(2.71394,-1.32367,2.83968),(4.76974,-1.32367,2.70128)]
[(-5.83127,-1.43604,-2.65968),(-5.83127,-1.43604,2.65968),(2.70789,-1.43604,-2.65968)] [(-5.83127,-2.31323,-2.41104),(2.70789,-2.31323,-2.41104),(2.70789,-1.43604,-2.65968)]
[(-5.83127,-2.31323,-2.41104),(-5.83127,-1.43604,-2.65968),(2.70789,-1.43604,-2.65968)] [(-5.83127,-2.31323,-2.41104),(2.70789,-2.31323,-2.41104),(2.70789,-2.31323,2.41104)]
[(2.71394,-1.32367,-2.83968),(4.76974,-1.37231,-2.70128),(6.34231,-1.37231,-2.49353)] [(2.71394,-1.32367,-2.83968),(4.76974,-1.32367,-2.70128),(6.34231,-1.32367,-2.49353)]
[(7.06861,-1.90748,1.73232),(7.50576,-1.67575,1.90512),(7.71163,-1.63989,2.04336)] [(7.64103,-1.60404,1.93968),(7.71163,-1.63989,2.04336),(8.07817,-1.37231,2.04336)]
[(4.75189,-1.32367,2.52208),(6.3096,-1.32367,2.31629)] [(6.3096,-1.32367,2.31629),(7.93417,-1.32367,1.92961)] [(4.75189,-1.32367,2.52208),(7.93417,-1.32367,1.92961)]
[(2.71273,-2.39876,2.49264),(2.71273,-1.9543,2.66544)] [(-5.97527,-1.9543,2.66544),(2.71273,-1.9543,2.66544)] [(-5.97527,-1.9543,2.66544),(2.71273,-2.39876,2.49264)]
[(7.64103,-1.60404,-1.93968),(7.71163,-1.63989,-2.04336)] [(7.71163,-1.63989,-2.04336),(8.07817,-1.37231,-2.04336)] [(7.64103,-1.60404,-1.93968),(8.07817,-1.37231,-2.04336)]
[(6.33577,-2.05483,2.14704),(6.33577,-1.37231,2.45808)] [(6.33577,-1.37231,2.45808),(8.07817,-1.37231,2.04336)] [(6.33577,-2.05483,2.14704),(8.07817,-1.37231,2.04336)]
[(4.76974,-1.37231,-2.70128),(6.34231,-1.37231,-2.49353)] [(2.71394,-1.32367,-2.83968),(4.76974,-1.37231,-2.70128)] [(2.71394,-1.32367,-2.83968),(6.34231,-1.37231,-2.49353)]
[(-5.83127,-2.31323,-2.41104),(-5.83127,-1.43604,-2.65968)] [(-5.83127,-1.43604,-2.65968),(2.70789,-1.43604,-2.65968)] [(-5.83127,-2.31323,-2.41104),(2.70789,-1.43604,-2.65968)]
[(-6.11351,-1.88554,2.80368),(-5.97527,-1.9543,2.66544)] [(-5.97527,-2.39876,2.49264),(-5.97527,-1.9543,2.66544)] [(-6.11351,-1.88554,2.80368),(-5.97527,-2.39876,2.49264)]
[(4.76617,-1.82744,2.66544),(4.76617,-1.76989,2.56176)] [(4.76617,-1.76989,2.56176),(4.76617,-1.37231,2.66544)] [(4.76617,-1.82744,2.66544),(4.76617,-1.37231,2.66544)]
[(6.34231,-1.32367,-2.49353),(8.11417,-1.32367,-2.0718)] [(8.11417,-1.32367,-2.0718),(8.11417,-1.32367,2.0718)] [(6.34231,-1.32367,-2.49353),(8.11417,-1.32367,2.0718)]
[(2.71394,-1.32367,2.83968),(4.76974,-1.32367,2.70128)] [(-6.01128,-1.32367,2.83968),(2.71394,-1.32367,2.83968)] [(-6.01128,-1.32367,2.83968),(4.76974,-1.32367,2.70128)]
(-5.83127,-1.43604,-2.65968) (2.70789,-1.43604,-2.65968) (-5.83127,-2.31323,-2.41104)
(4.76974,-1.37231,2.70128) (2.71394,-1.37231,2.83968) (-6.01128,-1.37231,2.83968)
(7.71163,-1.63989,2.04336) (7.64103,-1.60404,1.93968) (8.07817,-1.37231,2.04336)
(-6.01128,-1.32367,-2.83968) (2.70789,-1.32367,2.65968) (-5.83127,-1.32367,2.65968)
(-5.97527,-1.81677,-2.7) (2.71273,-1.81677,-2.7) (2.71273,-1.37231,-2.80368)
(8.11417,-1.37231,-2.0718) (8.11417,-1.37231,2.0718) (6.34231,-1.37231,2.49353)
(6.3096,-1.43604,2.31629) (4.75189,-1.43604,2.52208) (2.70789,-1.43604,2.65968)
(4.75189,-1.43604,2.52208) (2.70789,-1.43604,2.65968) (-5.83127,-1.43604,2.65968)
(6.34231,-1.32367,-2.49353) (8.11417,-1.32367,-2.0718) (8.11417,-1.32367,2.0718)
(8.07817,-1.37231,-2.04336) (7.64103,-1.60404,-1.93968) (7.71163,-1.63989,-2.04336)
[(-5.97527,-1.81677,2.7),(-5.97527,-1.37231,2.80368),(2.71273,-1.88554,2.80368)] [(-6.11351,-1.88554,2.80368),(-5.97527,-1.37231,2.80368),(2.71273,-1.88554,2.80368)] [(-6.11351,-1.88554,2.80368),(-5.97527,-2.39876,2.49264),(-5.97527,-1.9543,2.66544)] [(-5.97527,-2.39876,2.49264),(-5.97527,-1.9543,2.66544),(2.71273,-1.9543,2.66544)]
[(-5.97527,-1.81677,2.7),(2.71273,-1.81677,2.7),(2.71273,-1.37231,2.80368)] [(-5.97527,-1.81677,2.7),(-5.97527,-1.37231,2.80368),(2.71273,-1.81677,2.7)] [(-6.11351,-1.88554,2.80368),(-5.97527,-1.37231,2.80368),(2.71273,-1.88554,2.80368)] [(-6.11351,-1.88554,2.80368),(-5.97527,-2.39876,2.49264),(2.71273,-1.88554,2.80368)]
[(6.33577,-1.7754,-2.31984),(6.33577,-1.73217,-2.45808),(6.33577,-1.68894,-2.3544)] [(6.33577,-2.05483,-2.14704),(6.33577,-1.7754,-2.31984),(6.33577,-1.73217,-2.45808)] [(6.33577,-2.05483,-2.14704),(6.33577,-1.37231,-2.45808),(8.07817,-1.37231,-2.04336)] [(6.33577,-1.37231,-2.45808),(7.64103,-1.60404,-1.93968),(8.07817,-1.37231,-2.04336)]
[(4.76974,-1.32367,-2.70128),(6.34231,-1.32367,-2.49353),(8.11417,-1.32367,-2.0718)] [(6.34231,-1.32367,-2.49353),(8.11417,-1.32367,-2.0718),(8.11417,-1.32367,2.0718)] [(4.76974,-1.32367,2.70128),(6.34231,-1.32367,2.49353),(8.11417,-1.32367,2.0718)] [(2.71394,-1.32367,2.83968),(4.76974,-1.32367,2.70128),(6.34231,-1.32367,2.49353)]
[(-6.11351,-1.88554,-2.80368),(-5.97527,-2.39876,-2.49264),(-5.97527,-1.9543,-2.66544)] [(-6.11351,-1.88554,-2.80368),(-5.97527,-2.39876,-2.49264),(2.71273,-1.88554,-2.80368)] [(-5.97527,-1.81677,-2.7),(-5.97527,-1.37231,-2.80368),(2.71273,-1.88554,-2.80368)] [(-5.97527,-1.81677,-2.7),(-5.97527,-1.37231,-2.80368),(2.71273,-1.81677,-2.7)]
[(2.71394,-1.32367,-2.83968),(4.76974,-1.32367,-2.70128),(6.34231,-1.32367,-2.49353)] [(4.76974,-1.32367,-2.70128),(6.34231,-1.32367,-2.49353),(8.11417,-1.32367,-2.0718)] [(6.34231,-1.32367,2.49353),(8.11417,-1.32367,-2.0718),(8.11417,-1.32367,2.0718)] [(4.76974,-1.32367,2.70128),(6.34231,-1.32367,2.49353),(8.11417,-1.32367,2.0718)]
[(6.33577,-2.05483,2.14704),(6.33577,-1.7754,2.31984),(6.33577,-1.73217,2.45808)] [(6.33577,-1.7754,2.31984),(6.33577,-1.73217,2.45808),(6.33577,-1.68894,2.3544)] [(4.76617,-1.885,2.5272),(4.76617,-1.82744,2.66544),(6.33577,-1.68894,2.3544)] [(4.76617,-1.885,2.5272),(4.76617,-1.82744,2.66544),(4.76617,-1.76989,2.56176)]
[(-5.83127,-2.31323,2.41104),(2.70789,-2.31323,-2.41104),(2.70789,-2.31323,2.41104)] [(-5.83127,-2.31323,-2.39504),(-5.83127,-2.31323,2.41104),(2.70789,-2.31323,2.41104)] [(-5.83127,-2.31323,-2.39504),(-5.81527,-2.31323,-2.41104),(-5.81527,-2.31323,-2.39504)] [(-5.81527,-2.31323,-2.41104),(-5.81527,-2.31323,-2.39504),(-5.81527,-2.29783,-2.4154)]
[(2.71273,-2.39876,2.49264),(8.11417,-1.37231,-2.0718),(8.11417,-1.37231,2.0718)] [(6.34231,-1.37231,2.49353),(8.11417,-1.37231,-2.0718),(8.11417,-1.37231,2.0718)] [(2.71394,-1.37231,2.83968),(4.76974,-1.37231,2.70128),(6.34231,-1.37231,2.49353)] [(-6.01128,-1.37231,2.83968),(2.71394,-1.37231,2.83968),(4.76974,-1.37231,2.70128)]
[(-5.83127,-2.31323,-2.39504),(-5.83127,-2.31323,2.41104),(2.70789,-2.31323,2.41104)] [(-5.83127,-2.31323,-2.39504),(-5.83127,-2.31323,2.41104),(-5.81527,-2.31323,-2.39504)] [(-5.81527,-2.31323,-2.41104),(-5.81527,-2.31323,-2.39504),(-5.81527,-2.29783,-2.4154)] [(-5.83127,-2.29783,-2.4154),(-5.81527,-2.31323,-2.41104),(-5.81527,-2.29783,-2.4154)]
[(6.33577,-2.05483,-2.14704),(6.33577,-1.7754,-2.31984),(6.33577,-1.37231,-2.45808)] [(6.33577,-2.05483,-2.14704),(6.33577,-1.37231,-2.45808),(8.07817,-1.37231,-2.04336)] [(6.33577,-1.37231,-2.45808),(7.64103,-1.60404,-1.93968),(8.07817,-1.37231,-2.04336)]
[(6.33577,-2.05483,2.14704),(6.33577,-1.7754,2.31984),(6.33577,-1.73217,2.45808)] [(6.33577,-1.7754,2.31984),(6.33577,-1.73217,2.45808),(6.33577,-1.68894,2.3544)] [(4.76617,-1.885,2.5272),(6.33577,-1.73217,2.45808),(6.33577,-1.68894,2.3544)]
[(2.71273,-1.81677,2.7),(2.71273,-1.37231,2.80368),(4.76617,-2.25699,2.3544)] [(-5.97527,-1.81677,2.7),(2.71273,-1.81677,2.7),(2.71273,-1.37231,2.80368)] [(-5.97527,-1.81677,2.7),(-5.97527,-1.37231,2.80368),(2.71273,-1.81677,2.7)]
[(4.76617,-2.25699,2.3544),(4.76617,-1.76989,2.56176),(4.76617,-1.37231,2.66544)] [(2.71273,-1.37231,2.80368),(4.76617,-2.25699,2.3544),(4.76617,-1.37231,2.66544)] [(2.71273,-1.81677,2.7),(2.71273,-1.37231,2.80368),(4.76617,-2.25699,2.3544)]
[(2.71394,-1.37231,-2.83968),(4.76974,-1.37231,-2.70128),(6.34231,-1.37231,-2.49353)] [(2.71394,-1.32367,-2.83968),(4.76974,-1.37231,-2.70128),(6.34231,-1.37231,-2.49353)] [(2.71394,-1.32367,-2.83968),(4.76974,-1.32367,-2.70128),(6.34231,-1.37231,-2.49353)]
[(-5.97527,-1.9543,-2.66544),(2.71273,-2.39876,-2.49264),(2.71273,-1.9543,-2.66544)] [(-5.97527,-2.39876,-2.49264),(-5.97527,-1.9543,-2.66544),(2.71273,-1.9543,-2.66544)] [(-6.11351,-1.88554,-2.80368),(-5.97527,-2.39876,-2.49264),(-5.97527,-1.9543,-2.66544)]
[(7.50576,-1.67575,1.90512),(7.64103,-1.60404,1.93968),(7.71163,-1.63989,2.04336)] [(7.64103,-1.60404,1.93968),(7.71163,-1.63989,2.04336),(8.07817,-1.37231,2.04336)] [(6.33577,-1.37231,2.45808),(7.64103,-1.60404,1.93968),(8.07817,-1.37231,2.04336)]
[(-5.97527,-1.81677,-2.7),(2.71273,-1.81677,-2.7),(2.71273,-1.37231,-2.80368)] [(2.71273,-1.81677,-2.7),(2.71273,-1.37231,-2.80368),(4.76617,-2.25699,-2.3544)] [(2.71273,-1.37231,-2.80368),(4.76617,-2.25699,-2.3544),(4.76617,-1.37231,-2.66544)]
[(4.76617,-1.885,2.5272),(6.33577,-1.73217,2.45808),(6.33577,-1.68894,2.3544)] [(4.76617,-1.885,2.5272),(4.76617,-1.82744,2.66544),(6.33577,-1.68894,2.3544)] [(4.76617,-1.885,2.5272),(4.76617,-1.82744,2.66544),(4.76617,-1.76989,2.56176)]
[(-5.83127,-2.31323,-2.41104),(2.70789,-2.31323,-2.41104),(2.70789,-2.31323,2.41104)] [(-5.83127,-2.31323,2.41104),(2.70789,-2.31323,-2.41104),(2.70789,-2.31323,2.41104)] [(-5.83127,-2.31323,-2.39504),(-5.83127,-2.31323,2.41104),(2.70789,-2.31323,2.41104)]
(-5.83127,-1.32367,-2.65968) (-5.83127,-1.32367,2.65968) (4.75189,-1.32367,-2.52208) (6.3096,-1.32367,-2.31629)
(7.06861,-1.90748,1.73232) (7.06861,-1.90748,-1.73232) (7.71163,-1.63989,2.04336) (7.64103,-1.60404,1.93968)
(-6.11351,-1.88554,2.80368) (2.71273,-1.88554,2.80368) (-5.97527,-1.9543,2.66544) (2.71273,-1.9543,2.66544)
(-6.11351,-1.88554,-2.80368) (-5.97527,-2.39876,-2.49264) (-5.97527,-1.37231,-2.80368) (-5.97527,-1.81677,-2.7)
(-5.97527,-1.9543,-2.66544) (2.71273,-2.39876,-2.49264) (-5.97527,-2.39876,-2.49264)
(6.34231,-1.37231,2.49353) (8.11417,-1.37231,2.0718) (2.71394,-1.37231,2.83968) (-6.01128,-1.37231,2.83968)
(8.11417,-1.37231,2.0718) (8.11417,-1.37231,-2.0718) (4.76974,-1.37231,2.70128) (2.71394,-1.37231,2.83968)
(4.75189,-1.32367,2.52208) (6.3096,-1.32367,2.31629) (6.3096,-1.43604,-2.31629) (6.3096,-1.43604,2.31629)
(2.71273,-1.37231,2.80368) (4.76617,-2.25699,2.3544) (-5.97527,-1.81677,2.7) (-5.97527,-1.37231,2.80368)
(6.33577,-1.68894,-2.3544) (4.76617,-1.885,-2.5272) (6.33577,-1.7754,-2.31984) (6.33577,-2.05483,-2.14704)
[(-5.97527,-1.81677,-2.7),(2.71273,-1.88554,-2.80368)] [(-5.97527,-1.37231,-2.80368),(2.71273,-1.88554,-2.80368)] [(-5.97527,-2.39876,-2.49264),(2.71273,-1.88554,-2.80368)] [(-6.11351,-1.88554,-2.80368),(2.71273,-1.88554,-2.80368)]
[(-5.83127,-1.43604,-2.65968),(-5.83127,-1.43604,2.65968)] [(-5.83127,-1.43604,2.65968),(2.70789,-1.43604,2.65968)] [(-5.83127,-1.43604,2.65968),(2.70789,-1.43604,-2.65968)] [(-5.83127,-1.43604,2.65968),(4.75189,-1.43604,2.52208)]
[(4.76974,-1.37231,-2.70128),(6.34231,-1.37231,-2.49353)] [(4.76974,-1.32367,-2.70128),(6.34231,-1.37231,-2.49353)] [(2.71394,-1.37231,-2.83968),(6.34231,-1.37231,-2.49353)] [(2.71394,-1.32367,-2.83968),(6.34231,-1.37231,-2.49353)]
[(7.64103,-1.60404,-1.93968),(7.71163,-1.63989,-2.04336)] [(7.50576,-1.67575,-1.90512),(7.71163,-1.63989,-2.04336)] [(7.71163,-1.63989,-2.04336),(8.07817,-1.37231,-2.04336)] [(7.06861,-1.90748,-1.73232),(7.71163,-1.63989,-2.04336)]
[(6.34231,-1.37231,2.49353),(8.11417,-1.37231,2.0718)] [(4.76974,-1.37231,2.70128),(8.11417,-1.37231,2.0718)] [(8.11417,-1.37231,-2.0718),(8.11417,-1.37231,2.0718)] [(2.71273,-2.39876,2.49264),(8.11417,-1.37231,2.0718)]
[(2.71394,-1.32367,-2.83968),(4.76974,-1.32367,-2.70128)] [(2.71394,-1.32367,-2.83968),(4.76974,-1.37231,-2.70128)] [(2.71394,-1.32367,-2.83968),(6.34231,-1.32367,-2.49353)] [(2.71394,-1.32367,-2.83968),(6.34231,-1.37231,-2.49353)]
[(4.75189,-1.43604,-2.52208),(6.3096,-1.43604,-2.31629)] [(6.3096,-1.43604,-2.31629),(6.3096,-1.43604,2.31629)] [(4.75189,-1.43604,2.52208),(6.3096,-1.43604,-2.31629)] [(4.75189,-1.32367,2.52208),(6.3096,-1.43604,-2.31629)]
[(2.70789,-1.43604,2.65968),(4.75189,-1.43604,2.52208)] [(2.70789,-1.43604,2.65968),(6.3096,-1.43604,2.31629)] [(-5.83127,-1.43604,2.65968),(2.70789,-1.43604,2.65968)] [(-5.83127,-1.43604,-2.65968),(2.70789,-1.43604,2.65968)]
[(4.76974,-1.37231,2.70128),(6.34231,-1.37231,2.49353)] [(2.71394,-1.37231,2.83968),(4.76974,-1.37231,2.70128)] [(4.76974,-1.37231,2.70128),(8.11417,-1.37231,2.0718)] [(-6.01128,-1.37231,2.83968),(4.76974,-1.37231,2.70128)]
[(4.76617,-1.82744,2.66544),(4.76617,-1.76989,2.56176)] [(4.76617,-1.885,2.5272),(4.76617,-1.76989,2.56176)] [(4.76617,-1.76989,2.56176),(4.76617,-1.37231,2.66544)] [(4.76617,-2.25699,2.3544),(4.76617,-1.76989,2.56176)]
[(4.75189,-1.32367,2.52208),(6.3096,-1.32367,2.31629),(7.93417,-1.32367,1.92961)] [(4.75189,-1.43604,-2.52208),(4.75189,-1.32367,2.52208),(6.3096,-1.32367,2.31629)] [(4.75189,-1.43604,-2.52208),(4.75189,-1.32367,2.52208),(6.3096,-1.43604,-2.31629)]
[(-6.01128,-1.32367,-2.83968),(-6.01128,-1.32367,2.83968),(2.70789,-1.32367,2.65968)] [(-6.01128,-1.32367,-2.83968),(-5.83127,-1.32367,2.65968),(2.70789,-1.32367,2.65968)] [(-5.83127,-1.32367,-2.65968),(-5.83127,-1.32367,2.65968),(2.70789,-1.32367,2.65968)]
[(2.71394,-1.32367,2.83968),(4.76974,-1.32367,2.70128),(6.34231,-1.32367,2.49353)] [(-6.01128,-1.32367,2.83968),(2.71394,-1.32367,2.83968),(4.76974,-1.32367,2.70128)] [(-6.01128,-1.32367,-2.83968),(-6.01128,-1.32367,2.83968),(2.71394,-1.32367,2.83968)]
[(7.06861,-1.90748,-1.73232),(7.06861,-1.90748,1.73232),(7.50576,-1.67575,-1.90512)] [(7.06861,-1.90748,-1.73232),(7.06861,-1.90748,1.73232),(7.50576,-1.67575,1.90512)] [(7.06861,-1.90748,1.73232),(7.50576,-1.67575,1.90512),(7.71163,-1.63989,2.04336)]
[(4.76617,-1.885,-2.5272),(4.76617,-1.82744,-2.66544),(4.76617,-1.76989,-2.56176)] [(4.76617,-1.885,-2.5272),(4.76617,-1.82744,-2.66544),(6.33577,-1.68894,-2.3544)] [(4.76617,-1.885,-2.5272),(6.33577,-1.73217,-2.45808),(6.33577,-1.68894,-2.3544)]
[(6.33577,-2.05483,2.14704),(6.33577,-1.7754,2.31984),(6.33577,-1.37231,2.45808)] [(6.33577,-2.05483,2.14704),(6.33577,-1.7754,2.31984),(6.33577,-1.73217,2.45808)] [(6.33577,-1.7754,2.31984),(6.33577,-1.73217,2.45808),(6.33577,-1.68894,2.3544)]
[(7.06861,-1.90748,-1.73232),(7.50576,-1.67575,-1.90512),(7.71163,-1.63989,-2.04336)] [(7.06861,-1.90748,-1.73232),(7.06861,-1.90748,1.73232),(7.50576,-1.67575,-1.90512)] [(7.06861,-1.90748,-1.73232),(7.06861,-1.90748,1.73232),(7.50576,-1.67575,1.90512)]
[(4.76617,-2.25699,2.3544),(4.76617,-1.76989,2.56176),(4.76617,-1.37231,2.66544)] [(2.71273,-1.37231,2.80368),(4.76617,-2.25699,2.3544),(4.76617,-1.37231,2.66544)] [(2.71273,-1.81677,2.7),(2.71273,-1.37231,2.80368),(4.76617,-2.25699,2.3544)]
[(4.76617,-1.82744,2.66544),(4.76617,-1.76989,2.56176),(4.76617,-1.37231,2.66544)] [(4.76617,-2.25699,2.3544),(4.76617,-1.76989,2.56176),(4.76617,-1.37231,2.66544)] [(2.71273,-1.37231,2.80368),(4.76617,-2.25699,2.3544),(4.76617,-1.37231,2.66544)]
[(2.71394,-1.32367,-2.83968),(4.76974,-1.37231,-2.70128),(6.34231,-1.37231,-2.49353)] [(2.71394,-1.32367,-2.83968),(4.76974,-1.32367,-2.70128),(6.34231,-1.37231,-2.49353)] [(2.71394,-1.32367,-2.83968),(4.76974,-1.32367,-2.70128),(6.34231,-1.32367,-2.49353)]
Is connected = true
Is connected = true
Is connected = true
Is connected = true
Is connected = true
Is connected = true
Is connected = true
Is connected = true
Is connected = true
Is connected = true
[(6.33577,-1.37231,-2.45808),(7.64103,-1.60404,-1.93968),(8.07817,-1.37231,-2.04336)] [(7.64103,-1.60404,-1.93968),(7.71163,-1.63989,-2.04336),(8.07817,-1.37231,-2.04336)]
[(4.75189,-1.43604,-2.52208),(4.75189,-1.32367,2.52208),(6.3096,-1.43604,-2.31629)] [(4.75189,-1.43604,-2.52208),(6.3096,-1.43604,-2.31629),(6.3096,-1.43604,2.31629)]
[(2.71273,-1.37231,2.80368),(4.76617,-2.25699,2.3544),(4.76617,-1.37231,2.66544)] [(2.71273,-1.81677,2.7),(2.71273,-1.37231,2.80368),(4.76617,-2.25699,2.3544)]
[(-5.83127,-2.31323,-2.41104),(2.70789,-2.31323,-2.41104),(2.70789,-1.43604,-2.65968)] [(-5.83127,-2.31323,-2.41104),(2.70789,-2.31323,-2.41104),(2.70789,-2.31323,2.41104)]
[(-5.97527,-1.81677,-2.7),(-5.97527,-1.37231,-2.80368),(2.71273,-1.81677,-2.7)] [(-5.97527,-1.81677,-2.7),(2.71273,-1.81677,-2.7),(2.71273,-1.37231,-2.80368)]
[(6.34231,-1.37231,2.49353),(8.11417,-1.37231,-2.0718),(8.11417,-1.37231,2.0718)] [(4.76974,-1.37231,2.70128),(6.34231,-1.37231,2.49353),(8.11417,-1.37231,2.0718)]
[(7.50576,-1.67575,-1.90512),(7.64103,-1.60404,-1.93968),(7.71163,-1.63989,-2.04336)] [(7.06861,-1.90748,-1.73232),(7.50576,-1.67575,-1.90512),(7.71163,-1.63989,-2.04336)]
[(6.33577,-2.05483,2.14704),(6.33577,-1.7754,2.31984),(6.33577,-1.73217,2.45808)] [(6.33577,-1.7754,2.31984),(6.33577,-1.73217,2.45808),(6.33577,-1.68894,2.3544)]
[(-5.83127,-2.31323,-2.41104),(-5.83127,-1.43604,-2.65968),(2.70789,-1.43604,-2.65968)] [(-5.83127,-2.31323,-2.41104),(2.70789,-2.31323,-2.41104),(2.70789,-1.43604,-2.65968)]
[(-6.01128,-1.37231,-2.83968),(2.71394,-1.37231,-2.83968),(4.76974,-1.37231,-2.70128)] [(2.71394,-1.37231,-2.83968),(4.76974,-1.37231,-2.70128),(6.34231,-1.37231,-2.49353)]
(1.9702822,-1.7015357,-0.047118388)
(1.9702822,-1.7015353,-0.04711839)
(1.9702822,-1.7015359,-0.047118463)
(1.9702822,-1.7015357,-0.047118425)
(1.9702824,-1.7015352,-0.04711841)
(1.9702822,-1.7015357,-0.047118388)
(1.9702824,-1.7015363,-0.047118425)
(1.9702822,-1.7015353,-0.047118448)
(1.9702816,-1.7015363,-0.047118388)
(1.9702822,-1.7015359,-0.047118485)
Mesh type 2
Number of connected components = 1
(1.9702824,-1.7015352,-0.04711841)
0.0
99
[(-5.83127,-2.29783,2.4154),(-5.81527,-2.29783,2.4154)] [(-5.83127,-2.31323,-2.39504),(-5.81527,-2.31323,-2.41104)] [(-5.83127,-2.29783,-2.4154),(-5.81527,-2.31323,-2.41104)] [(-5.83127,-2.29723,2.39894),(-5.81527,-2.29783,2.4154)] [(-5.83127,-2.29723,-2.39894),(-5.81527,-2.29783,-2.4154)] [(-5.83127,-2.31323,2.39504),(-5.83127,-2.29783,2.4154)] [(-5.81527,-2.31323,-2.39504),(-5.81527,-2.29783,-2.4154)] [(6.33577,-1.7754,2.31984),(6.33577,-1.68894,2.3544)] [(6.33577,-1.7754,-2.31984),(6.33577,-1.68894,-2.3544)] [(4.76617,-1.885,2.5272),(4.76617,-1.76989,2.56176)] [(4.76617,-1.885,-2.5272),(4.76617,-1.76989,-2.56176)] [(7.50576,-1.67575,1.90512),(7.64103,-1.60404,1.93968)] [(7.50576,-1.67575,-1.90512),(7.64103,-1.60404,-1.93968)] [(-6.11351,-1.88554,2.80368),(-5.97527,-1.9543,2.66544)] [(-6.11351,-1.88554,-2.80368),(-5.97527,-1.9543,-2.66544)] [(6.33577,-1.7754,2.31984),(6.33577,-1.37231,2.45808)] [(6.33577,-1.7754,-2.31984),(6.33577,-1.37231,-2.45808)] [(6.33577,-2.05483,2.14704),(6.33577,-1.73217,2.45808)] [(6.33577,-2.05483,-2.14704),(6.33577,-1.73217,-2.45808)] [(7.71163,-1.63989,2.04336),(8.07817,-1.37231,2.04336)] [(7.71163,-1.63989,-2.04336),(8.07817,-1.37231,-2.04336)] [(4.76617,-1.82744,2.66544),(4.76617,-1.37231,2.66544)] [(4.76617,-1.82744,-2.66544),(4.76617,-1.37231,-2.66544)] [(2.71273,-2.39876,-2.49264),(2.71273,-1.9543,-2.66544)] [(4.76617,-2.25699,2.3544),(4.76617,-1.76989,2.56176)] [(4.76617,-2.25699,-2.3544),(4.76617,-1.76989,-2.56176)] [(-6.11351,-1.88554,2.80368),(-5.97527,-1.37231,2.80368)] [(-6.11351,-1.88554,-2.80368),(-5.97527,-1.37231,-2.80368)] [(7.06861,-1.90748,1.73232),(7.71163,-1.63989,2.04336)] [(7.06861,-1.90748,-1.73232),(7.71163,-1.63989,-2.04336)] [(2.70789,-2.31323,-2.41104),(2.70789,-1.43604,-2.65968)] [(-5.83127,-2.31323,-2.41104),(-5.83127,-1.43604,-2.65968)] [(6.33577,-1.37231,2.45808),(7.64103,-1.60404,1.93968)] [(6.33577,-1.37231,-2.45808),(7.64103,-1.60404,-1.93968)] [(4.76617,-1.885,2.5272),(6.33577,-1.73217,2.45808)] [(4.76617,-1.885,-2.5272),(6.33577,-1.73217,-2.45808)] [(4.76974,-1.32367,-2.70128),(6.34231,-1.37231,-2.49353)] [(4.76617,-1.82744,2.66544),(6.33577,-1.68894,2.3544)] [(4.76617,-1.82744,-2.66544),(6.33577,-1.68894,-2.3544)] [(6.33577,-2.05483,2.14704),(8.07817,-1.37231,2.04336)] [(6.33577,-2.05483,-2.14704),(8.07817,-1.37231,-2.04336)] [(2.71273,-1.37231,2.80368),(4.76617,-1.37231,2.66544)] [(2.71273,-1.37231,-2.80368),(4.76617,-1.37231,-2.66544)] [(2.71394,-1.32367,-2.83968),(4.76974,-1.37231,-2.70128)] [(2.71273,-1.81677,2.7),(4.76617,-2.25699,2.3544)] [(2.71273,-1.81677,-2.7),(4.76617,-2.25699,-2.3544)] [(4.75189,-1.32367,2.52208),(7.93417,-1.32367,1.92961)] [(4.75189,-1.32367,-2.52208),(7.93417,-1.32367,-1.92961)] [(4.76974,-1.32367,2.70128),(8.11417,-1.32367,2.0718)] [(4.76974,-1.32367,-2.70128),(8.11417,-1.32367,-2.0718)] [(4.76974,-1.37231,2.70128),(8.11417,-1.37231,2.0718)] [(2.70789,-1.43604,2.65968),(6.3096,-1.43604,2.31629)] [(2.70789,-1.32367,-2.65968),(6.3096,-1.32367,-2.31629)] [(2.71394,-1.32367,2.83968),(6.34231,-1.32367,2.49353)] [(2.71394,-1.32367,-2.83968),(6.34231,-1.32367,-2.49353)] [(2.71394,-1.37231,-2.83968),(6.34231,-1.37231,-2.49353)] [(2.71394,-1.37231,2.83968),(6.34231,-1.37231,2.49353)] [(7.06861,-1.90748,-1.73232),(7.50576,-1.67575,1.90512)] [(7.06861,-1.90748,1.73232),(7.50576,-1.67575,-1.90512)] [(6.3096,-1.32367,2.31629),(7.93417,-1.32367,-1.92961)] [(6.3096,-1.32367,-2.31629),(7.93417,-1.32367,1.92961)] [(-5.83127,-2.29723,-2.39894),(-5.83127,-2.29723,2.39894)] [(-5.83127,-2.31323,2.41104),(-5.81527,-2.31323,-2.39504)] [(-5.83127,-2.31323,2.39504),(-5.83127,-2.29783,-2.4154)] [(6.34231,-1.32367,2.49353),(8.11417,-1.32367,-2.0718)] [(6.34231,-1.32367,-2.49353),(8.11417,-1.32367,2.0718)] [(6.34231,-1.37231,2.49353),(8.11417,-1.37231,-2.0718)] [(4.75189,-1.43604,2.52208),(6.3096,-1.43604,-2.31629)] [(4.75189,-1.43604,-2.52208),(6.3096,-1.43604,2.31629)] [(4.75189,-1.32367,2.52208),(6.3096,-1.43604,-2.31629)] [(4.75189,-1.43604,-2.52208),(6.3096,-1.32367,2.31629)] [(-6.01128,-1.32367,-2.83968),(-5.83127,-1.32367,2.65968)] [(2.71273,-2.39876,2.49264),(8.11417,-1.37231,2.0718)] [(2.71273,-1.9543,2.66544),(8.11417,-1.37231,-2.0718)] [(-5.97527,-1.81677,2.7),(2.71273,-1.88554,2.80368)] [(-5.97527,-1.81677,-2.7),(2.71273,-1.88554,-2.80368)] [(-5.97527,-1.37231,2.80368),(2.71273,-1.81677,2.7)] [(-5.97527,-1.81677,2.7),(2.71273,-1.37231,2.80368)] [(-5.97527,-1.81677,-2.7),(2.71273,-1.37231,-2.80368)] [(-5.97527,-1.37231,-2.80368),(2.71273,-1.81677,-2.7)] [(-5.97527,-1.9543,2.66544),(2.71273,-2.39876,2.49264)] [(-5.97527,-2.39876,2.49264),(2.71273,-1.9543,2.66544)] [(-5.97527,-2.39876,-2.49264),(2.71273,-1.9543,-2.66544)] [(-5.97527,-1.9543,-2.66544),(2.71273,-2.39876,-2.49264)] [(-5.97527,-2.39876,2.49264),(2.71273,-1.88554,2.80368)] [(-5.97527,-2.39876,-2.49264),(2.71273,-1.88554,-2.80368)] [(-6.01128,-1.32367,2.83968),(2.70789,-1.32367,2.65968)] [(-5.83127,-2.31323,-2.39504),(2.70789,-2.31323,2.41104)] [(-5.83127,-2.31323,2.41104),(2.70789,-2.31323,-2.41104)] [(-5.83127,-2.31323,-2.41104),(2.70789,-2.31323,2.41104)] [(-5.83127,-1.43604,2.65968),(2.70789,-1.43604,-2.65968)] [(-5.83127,-1.43604,-2.65968),(2.70789,-1.43604,2.65968)] [(-5.83127,-1.32367,2.65968),(2.70789,-1.32367,-2.65968)] [(-5.83127,-1.32367,-2.65968),(2.70789,-1.32367,2.65968)] [(-6.01128,-1.32367,-2.83968),(2.71394,-1.32367,2.83968)] [(-6.01128,-1.37231,2.83968),(2.71394,-1.37231,-2.83968)] [(-6.01128,-1.37231,-2.83968),(2.71394,-1.37231,2.83968)] [(-5.83127,-1.43604,2.65968),(4.75189,-1.43604,2.52208)] [(-5.83127,-1.32367,-2.65968),(4.75189,-1.32367,-2.52208)] [(-6.01128,-1.32367,2.83968),(4.76974,-1.32367,2.70128)] [(-6.01128,-1.37231,-2.83968),(4.76974,-1.37231,-2.70128)] [(-6.01128,-1.37231,2.83968),(4.76974,-1.37231,2.70128)]
